0.53846 0.5
0.51923 0.53331
0.48077 0.53331
0.46154 0.5
0.48077 0.46669
0.51923 0.46669
0.55769 0.5
0.54996 0.52885
0.52885 0.54996
0.5 0.55769
0.47115 0.54996
0.45004 0.52885
0.44231 0.5
0.45004 0.47115
0.47115 0.45004
0.5 0.44231
0.52885 0.45004
0.54996 0.47115
0.57692 0.5
0.57228 0.52631
0.55893 0.54945
0.53846 0.56662
0.51336 0.57575
0.48664 0.57575
0.46154 0.56662
0.44107 0.54945
0.42772 0.52631
0.42308 0.5
0.42772 0.47369
0.44107 0.45055
0.46154 0.43338
0.48664 0.42425
0.51336 0.42425
0.53846 0.43338
0.55893 0.45055
0.57228 0.47369
0.59615 0.5
0.59288 0.52489
0.58327 0.54808
0.56799 0.56799
0.54808 0.58327
0.52489 0.59288
0.5 0.59615
0.47511 0.59288
0.45192 0.58327
0.43201 0.56799
0.41673 0.54808
0.40712 0.52489
0.40385 0.5
0.40712 0.47511
0.41673 0.45192
0.43201 0.43201
0.45192 0.41673
0.47511 0.40712
0.5 0.40385
0.52489 0.40712
0.54808 0.41673
0.56799 0.43201
0.58327 0.45192
0.59288 0.47511
0.61538 0.5
0.61286 0.52399
0.60541 0.54693
0.59335 0.56782
0.57721 0.58575
0.55769 0.59993
0.53566 0.60974
0.51206 0.61475
0.48794 0.61475
0.46434 0.60974
0.44231 0.59993
0.42279 0.58575
0.40665 0.56782
0.39459 0.54693
0.38714 0.52399
0.38462 0.5
0.38714 0.47601
0.39459 0.45307
0.40665 0.43218
0.42279 0.41425
0.44231 0.40007
0.46434 0.39026
0.48794 0.38525
0.51206 0.38525
0.53566 0.39026
0.55769 0.40007
0.57721 0.41425
0.59335 0.43218
0.60541 0.45307
0.61286 0.47601
0.63462 0.5
0.63257 0.52338
0.6265 0.54604
0.61658 0.56731
0.60312 0.58653
0.58653 0.60312
0.56731 0.61658
0.54604 0.6265
0.52338 0.63257
0.5 0.63462
0.47662 0.63257
0.45396 0.6265
0.43269 0.61658
0.41347 0.60312
0.39688 0.58653
0.38342 0.56731
0.3735 0.54604
0.36743 0.52338
0.36538 0.5
0.36743 0.47662
0.3735 0.45396
0.38342 0.43269
0.39688 0.41347
0.41347 0.39688
0.43269 0.38342
0.45396 0.3735
0.47662 0.36743
0.5 0.36538
0.52338 0.36743
0.54604 0.3735
0.56731 0.38342
0.58653 0.39688
0.60312 0.41347
0.61658 0.43269
0.6265 0.45396
0.63257 0.47662
0.65385 0.5
0.65213 0.52293
0.64701 0.54535
0.63861 0.56675
0.62711 0.58666
0.61278 0.60464
0.59592 0.62028
0.57692 0.63323
0.55621 0.64321
0.53423 0.64999
0.5115 0.65342
0.4885 0.65342
0.46577 0.64999
0.44379 0.64321
0.42308 0.63323
0.40408 0.62028
0.38722 0.60464
0.37289 0.58666
0.36139 0.56675
0.35299 0.54535
0.34787 0.52293
0.34615 0.5
0.34787 0.47707
0.35299 0.45465
0.36139 0.43325
0.37289 0.41334
0.38722 0.39536
0.40408 0.37972
0.42308 0.36677
0.44379 0.35679
0.46577 0.35001
0.4885 0.34658
0.5115 0.34658
0.53423 0.35001
0.55621 0.35679
0.57692 0.36677
0.59592 0.37972
0.61278 0.39536
0.62711 0.41334
0.63861 0.43325
0.64701 0.45465
0.65213 0.47707
0.67308 0.5
0.6716 0.52259
0.66718 0.5448
0.6599 0.56623
0.64989 0.58654
0.63731 0.60536
0.62238 0.62238
0.60536 0.63731
0.58654 0.64989
0.56623 0.6599
0.5448 0.66718
0.52259 0.6716
0.5 0.67308
0.47741 0.6716
0.4552 0.66718
0.43377 0.6599
0.41346 0.64989
0.39464 0.63731
0.37762 0.62238
0.36269 0.60536
0.35011 0.58654
0.3401 0.56623
0.33282 0.5448
0.3284 0.52259
0.32692 0.5
0.3284 0.47741
0.33282 0.4552
0.3401 0.43377
0.35011 0.41346
0.36269 0.39464
0.37762 0.37762
0.39464 0.36269
0.41346 0.35011
0.43377 0.3401
0.4552 0.33282
0.47741 0.3284
0.5 0.32692
0.52259 0.3284
0.5448 0.33282
0.56623 0.3401
0.58654 0.35011
0.60536 0.36269
0.62238 0.37762
0.63731 0.39464
0.64989 0.41346
0.6599 0.43377
0.66718 0.4552
0.6716 0.47741
0.69231 0.5
0.69101 0.52233
0.68712 0.54435
0.68071 0.56577
0.67185 0.58631
0.66067 0.60567
0.64732 0.62361
0.63197 0.63988
0.61484 0.65425
0.59615 0.66654
0.57617 0.67658
0.55515 0.68423
0.53339 0.68939
0.51118 0.69198
0.48882 0.69198
0.46661 0.68939
0.44485 0.68423
0.42383 0.67658
0.40385 0.66654
0.38516 0.65425
0.36803 0.63988
0.35268 0.62361
0.33933 0.60567
0.32815 0.58631
0.31929 0.56577
0.31288 0.54435
0.30899 0.52233
0.30769 0.5
0.30899 0.47767
0.31288 0.45565
0.31929 0.43423
0.32815 0.41369
0.33933 0.39433
0.35268 0.37639
0.36803 0.36012
0.38516 0.34575
0.40385 0.33346
0.42383 0.32342
0.44485 0.31577
0.46661 0.31061
0.48882 0.30802
0.51118 0.30802
0.53339 0.31061
0.55515 0.31577
0.57617 0.32342
0.59615 0.33346
0.61484 0.34575
0.63197 0.36012
0.64732 0.37639
0.66067 0.39433
0.67185 0.41369
0.68071 0.43423
0.68712 0.45565
0.69101 0.47767
0.71154 0.5
0.71038 0.52211
0.70692 0.54398
0.70119 0.56537
0.69325 0.58604
0.6832 0.60577
0.67114 0.62434
0.6572 0.64155
0.64155 0.6572
0.62434 0.67114
0.60577 0.6832
0.58604 0.69325
0.56537 0.70119
0.54398 0.70692
0.52211 0.71038
0.5 0.71154
0.47789 0.71038
0.45602 0.70692
0.43463 0.70119
0.41396 0.69325
0.39423 0.6832
0.37566 0.67114
0.35845 0.6572
0.3428 0.64155
0.32886 0.62434
0.3168 0.60577
0.30675 0.58604
0.29881 0.56537
0.29308 0.54398
0.28962 0.52211
0.28846 0.5
0.28962 0.47789
0.29308 0.45602
0.29881 0.43463
0.30675 0.41396
0.3168 0.39423
0.32886 0.37566
0.3428 0.35845
0.35845 0.3428
0.37566 0.32886
0.39423 0.3168
0.41396 0.30675
0.43463 0.29881
0.45602 0.29308
0.47789 0.28962
0.5 0.28846
0.52211 0.28962
0.54398 0.29308
0.56537 0.29881
0.58604 0.30675
0.60577 0.3168
0.62434 0.32886
0.64155 0.3428
0.6572 0.35845
0.67114 0.37566
0.6832 0.39423
0.69325 0.41396
0.70119 0.43463
0.70692 0.45602
0.71038 0.47789
0.73077 0.5
0.72972 0.52194
0.7266 0.54367
0.72142 0.56502
0.71424 0.58577
0.70512 0.60574
0.69414 0.62476
0.6814 0.64265
0.66702 0.65925
0.65112 0.6744
0.63386 0.68798
0.61538 0.69985
0.59587 0.70992
0.57548 0.71808
0.55441 0.72426
0.53284 0.72842
0.51098 0.73051
0.48902 0.73051
0.46716 0.72842
0.44559 0.72426
0.42452 0.71808
0.40413 0.70992
0.38462 0.69985
0.36614 0.68798
0.34888 0.6744
0.33298 0.65925
0.3186 0.64265
0.30586 0.62476
0.29488 0.60574
0.28576 0.58577
0.27858 0.56502
0.2734 0.54367
0.27028 0.52194
0.26923 0.5
0.27028 0.47806
0.2734 0.45633
0.27858 0.43498
0.28576 0.41423
0.29488 0.39426
0.30586 0.37524
0.3186 0.35735
0.33298 0.34075
0.34888 0.3256
0.36614 0.31202
0.38462 0.30015
0.40413 0.29008
0.42452 0.28192
0.44559 0.27574
0.46716 0.27158
0.48902 0.26949
0.51098 0.26949
0.53284 0.27158
0.55441 0.27574
0.57548 0.28192
0.59587 0.29008
0.61538 0.30015
0.63386 0.31202
0.65112 0.3256
0.66702 0.34075
0.6814 0.35735
0.69414 0.37524
0.70512 0.39426
0.71424 0.41423
0.72142 0.43498
0.7266 0.45633
0.72972 0.47806
0.75 0.5
0.74905 0.52179
0.7462 0.54341
0.74148 0.5647
0.73492 0.58551
0.72658 0.60565
0.71651 0.625
0.70479 0.64339
0.69151 0.6607
0.67678 0.67678
0.6607 0.69151
0.64339 0.70479
0.625 0.71651
0.60565 0.72658
0.58551 0.73492
0.5647 0.74148
0.54341 0.7462
0.52179 0.74905
0.5 0.75
0.47821 0.74905
0.45659 0.7462
0.4353 0.74148
0.41449 0.73492
0.39435 0.72658
0.375 0.71651
0.35661 0.70479
0.3393 0.69151
0.32322 0.67678
0.30849 0.6607
0.29521 0.64339
0.28349 0.625
0.27342 0.60565
0.26508 0.58551
0.25852 0.5647
0.2538 0.54341
0.25095 0.52179
0.25 0.5
0.25095 0.47821
0.2538 0.45659
0.25852 0.4353
0.26508 0.41449
0.27342 0.39435
0.28349 0.375
0.29521 0.35661
0.30849 0.3393
0.32322 0.32322
0.3393 0.30849
0.35661 0.29521
0.375 0.28349
0.39435 0.27342
0.41449 0.26508
0.4353 0.25852
0.45659 0.2538
0.47821 0.25095
0.5 0.25
0.52179 0.25095
0.54341 0.2538
0.5647 0.25852
0.58551 0.26508
0.60565 0.27342
0.625 0.28349
0.64339 0.29521
0.6607 0.30849
0.67678 0.32322
0.69151 0.3393
0.70479 0.35661
0.71651 0.375
0.72658 0.39435
0.73492 0.41449
0.74148 0.4353
0.7462 0.45659
0.74905 0.47821
0.76923 0.5
0.76836 0.52166
0.76574 0.54319
0.76141 0.56443
0.75538 0.58526
0.74769 0.60553
0.73839 0.62512
0.72755 0.64389
0.71523 0.66174
0.70152 0.67853
0.6865 0.69417
0.67027 0.70855
0.65294 0.72157
0.63462 0.73316
0.61542 0.74324
0.59547 0.75174
0.5749 0.7586
0.55385 0.76379
0.53245 0.76727
0.51084 0.76901
0.48916 0.76901
0.46755 0.76727
0.44615 0.76379
0.4251 0.7586
0.40453 0.75174
0.38458 0.74324
0.36538 0.73316
0.34706 0.72157
0.32973 0.70855
0.3135 0.69417
0.29848 0.67853
0.28477 0.66174
0.27245 0.64389
0.26161 0.62512
0.25231 0.60553
0.24462 0.58526
0.23859 0.56443
0.23426 0.54319
0.23164 0.52166
0.23077 0.5
0.23164 0.47834
0.23426 0.45681
0.23859 0.43557
0.24462 0.41474
0.25231 0.39447
0.26161 0.37488
0.27245 0.35611
0.28477 0.33826
0.29848 0.32147
0.3135 0.30583
0.32973 0.29145
0.34706 0.27843
0.36538 0.26684
0.38458 0.25676
0.40453 0.24826
0.4251 0.2414
0.44615 0.23621
0.46755 0.23273
0.48916 0.23099
0.51084 0.23099
0.53245 0.23273
0.55385 0.23621
0.5749 0.2414
0.59547 0.24826
0.61542 0.25676
0.63462 0.26684
0.65294 0.27843
0.67027 0.29145
0.6865 0.30583
0.70152 0.32147
0.71523 0.33826
0.72755 0.35611
0.73839 0.37488
0.74769 0.39447
0.75538 0.41474
0.76141 0.43557
0.76574 0.45681
0.76836 0.47834
0.78846 0.5
0.78765 0.52156
0.78524 0.54299
0.78123 0.56419
0.77565 0.58503
0.76852 0.60539
0.75989 0.62516
0.74982 0.64423
0.73834 0.6625
0.72553 0.67985
0.71146 0.6962
0.6962 0.71146
0.67985 0.72553
0.6625 0.73834
0.64423 0.74982
0.62516 0.75989
0.60539 0.76852
0.58503 0.77565
0.56419 0.78123
0.54299 0.78524
0.52156 0.78765
0.5 0.78846
0.47844 0.78765
0.45701 0.78524
0.43581 0.78123
0.41497 0.77565
0.39461 0.76852
0.37484 0.75989
0.35577 0.74982
0.3375 0.73834
0.32015 0.72553
0.3038 0.71146
0.28854 0.6962
0.27447 0.67985
0.26166 0.6625
0.25018 0.64423
0.24011 0.62516
0.23148 0.60539
0.22435 0.58503
0.21877 0.56419
0.21476 0.54299
0.21235 0.52156
0.21154 0.5
0.21235 0.47844
0.21476 0.45701
0.21877 0.43581
0.22435 0.41497
0.23148 0.39461
0.24011 0.37484
0.25018 0.35577
0.26166 0.3375
0.27447 0.32015
0.28854 0.3038
0.3038 0.28854
0.32015 0.27447
0.3375 0.26166
0.35577 0.25018
0.37484 0.24011
0.39461 0.23148
0.41497 0.22435
0.43581 0.21877
0.45701 0.21476
0.47844 0.21235
0.5 0.21154
0.52156 0.21235
0.54299 0.21476
0.56419 0.21877
0.58503 0.22435
0.60539 0.23148
0.62516 0.24011
0.64423 0.25018
0.6625 0.26166
0.67985 0.27447
0.6962 0.28854
0.71146 0.3038
0.72553 0.32015
0.73834 0.3375
0.74982 0.35577
0.75989 0.37484
0.76852 0.39461
0.77565 0.41497
0.78123 0.43581
0.78524 0.45701
0.78765 0.47844
0.80769 0.5
0.80694 0.52146
0.8047 0.54282
0.80097 0.56397
0.79577 0.58481
0.78914 0.60524
0.78109 0.62515
0.77168 0.64445
0.76094 0.66305
0.74893 0.68086
0.73571 0.69778
0.72134 0.71374
0.70589 0.72866
0.68943 0.74246
0.67206 0.75509
0.65385 0.76647
0.63488 0.77655
0.61526 0.78529
0.59508 0.79263
0.57444 0.79855
0.55343 0.80302
0.53216 0.80601
0.51074 0.8075
0.48926 0.8075
0.46784 0.80601
0.44657 0.80302
0.42556 0.79855
0.40492 0.79263
0.38474 0.78529
0.36512 0.77655
0.34615 0.76647
0.32794 0.75509
0.31057 0.74246
0.29411 0.72866
0.27866 0.71374
0.26429 0.69778
0.25107 0.68086
0.23906 0.66305
0.22832 0.64445
0.21891 0.62515
0.21086 0.60524
0.20423 0.58481
0.19903 0.56397
0.1953 0.54282
0.19306 0.52146
0.19231 0.5
0.19306 0.47854
0.1953 0.45718
0.19903 0.43603
0.20423 0.41519
0.21086 0.39476
0.21891 0.37485
0.22832 0.35555
0.23906 0.33695
0.25107 0.31914
0.26429 0.30222
0.27866 0.28626
0.29411 0.27134
0.31057 0.25754
0.32794 0.24491
0.34615 0.23353
0.36512 0.22345
0.38474 0.21471
0.40492 0.20737
0.42556 0.20145
0.44657 0.19698
0.46784 0.19399
0.48926 0.1925
0.51074 0.1925
0.53216 0.19399
0.55343 0.19698
0.57444 0.20145
0.59508 0.20737
0.61526 0.21471
0.63488 0.22345
0.65385 0.23353
0.67206 0.24491
0.68943 0.25754
0.70589 0.27134
0.72134 0.28626
0.73571 0.30222
0.74893 0.31914
0.76094 0.33695
0.77168 0.35555
0.78109 0.37485
0.78914 0.39476
0.79577 0.41519
0.80097 0.43603
0.8047 0.45718
0.80694 0.47854
0.82692 0.5
0.82622 0.52138
0.82413 0.54267
0.82064 0.56378
0.81578 0.58461
0.80957 0.60509
0.80204 0.62511
0.79321 0.64459
0.78312 0.66346
0.77183 0.68163
0.75937 0.69902
0.74579 0.71556
0.73117 0.73117
0.71556 0.74579
0.69902 0.75937
0.68163 0.77183
0.66346 0.78312
0.64459 0.79321
0.62511 0.80204
0.60509 0.80957
0.58461 0.81578
0.56378 0.82064
0.54267 0.82413
0.52138 0.82622
0.5 0.82692
0.47862 0.82622
0.45733 0.82413
0.43622 0.82064
0.41539 0.81578
0.39491 0.80957
0.37489 0.80204
0.35541 0.79321
0.33654 0.78312
0.31837 0.77183
0.30098 0.75937
0.28444 0.74579
0.26883 0.73117
0.25421 0.71556
0.24063 0.69902
0.22817 0.68163
0.21688 0.66346
0.20679 0.64459
0.19796 0.62511
0.19043 0.60509
0.18422 0.58461
0.17936 0.56378
0.17587 0.54267
0.17378 0.52138
0.17308 0.5
0.17378 0.47862
0.17587 0.45733
0.17936 0.43622
0.18422 0.41539
0.19043 0.39491
0.19796 0.37489
0.20679 0.35541
0.21688 0.33654
0.22817 0.31837
0.24063 0.30098
0.25421 0.28444
0.26883 0.26883
0.28444 0.25421
0.30098 0.24063
0.31837 0.22817
0.33654 0.21688
0.35541 0.20679
0.37489 0.19796
0.39491 0.19043
0.41539 0.18422
0.43622 0.17936
0.45733 0.17587
0.47862 0.17378
0.5 0.17308
0.52138 0.17378
0.54267 0.17587
0.56378 0.17936
0.58461 0.18422
0.60509 0.19043
0.62511 0.19796
0.64459 0.20679
0.66346 0.21688
0.68163 0.22817
0.69902 0.24063
0.71556 0.25421
0.73117 0.26883
0.74579 0.28444
0.75937 0.30098
0.77183 0.31837
0.78312 0.33654
0.79321 0.35541
0.80204 0.37489
0.80957 0.39491
0.81578 0.41539
0.82064 0.43622
0.82413 0.45733
0.82622 0.47862
0.84615 0.5
0.8455 0.52131
0.84353 0.54254
0.84026 0.56361
0.8357 0.58443
0.82986 0.60494
0.82278 0.62505
0.81447 0.64468
0.80497 0.66376
0.79431 0.68223
0.78253 0.7
0.76968 0.71701
0.75581 0.7332
0.74097 0.74851
0.72521 0.76287
0.7086 0.77624
0.6912 0.78855
0.67308 0.79978
0.65429 0.80986
0.63493 0.81877
0.61505 0.82648
0.59473 0.83294
0.57405 0.83814
0.5531 0.84206
0.53194 0.84468
0.51066 0.84599
0.48934 0.84599
0.46806 0.84468
0.4469 0.84206
0.42595 0.83814
0.40527 0.83294
0.38495 0.82648
0.36507 0.81877
0.34571 0.80986
0.32692 0.79978
0.3088 0.78855
0.2914 0.77624
0.27479 0.76287
0.25903 0.74851
0.24419 0.7332
0.23032 0.71701
0.21747 0.7
0.20569 0.68223
0.19503 0.66376
0.18553 0.64468
0.17722 0.62505
0.17014 0.60494
0.1643 0.58443
0.15974 0.56361
0.15647 0.54254
0.1545 0.52131
0.15385 0.5
0.1545 0.47869
0.15647 0.45746
0.15974 0.43639
0.1643 0.41557
0.17014 0.39506
0.17722 0.37495
0.18553 0.35532
0.19503 0.33624
0.20569 0.31777
0.21747 0.3
0.23032 0.28299
0.24419 0.2668
0.25903 0.25149
0.27479 0.23713
0.2914 0.22376
0.3088 0.21145
0.32692 0.20022
0.34571 0.19014
0.36507 0.18123
0.38495 0.17352
0.40527 0.16706
0.42595 0.16186
0.4469 0.15794
0.46806 0.15532
0.48934 0.15401
0.51066 0.15401
0.53194 0.15532
0.5531 0.15794
0.57405 0.16186
0.59473 0.16706
0.61505 0.17352
0.63493 0.18123
0.65429 0.19014
0.67308 0.20022
0.6912 0.21145
0.7086 0.22376
0.72521 0.23713
0.74097 0.25149
0.75581 0.2668
0.76968 0.28299
0.78253 0.3
0.79431 0.31777
0.80497 0.33624
0.81447 0.35532
0.82278 0.37495
0.82986 0.39506
0.8357 0.41557
0.84026 0.43639
0.84353 0.45746
0.8455 0.47869
0.86538 0.5
0.86477 0.52125
0.86291 0.54242
0.85983 0.56345
0.85554 0.58426
0.85003 0.60479
0.84335 0.62497
0.8355 0.64472
0.82652 0.66398
0.81643 0.68269
0.80527 0.70078
0.79308 0.71819
0.7799 0.73486
0.76577 0.75074
0.75074 0.76577
0.73486 0.7799
0.71819 0.79308
0.70078 0.80527
0.68269 0.81643
0.66398 0.82652
0.64472 0.8355
0.62497 0.84335
0.60479 0.85003
0.58426 0.85554
0.56345 0.85983
0.54242 0.86291
0.52125 0.86477
0.5 0.86538
0.47875 0.86477
0.45758 0.86291
0.43655 0.85983
0.41574 0.85554
0.39521 0.85003
0.37503 0.84335
0.35528 0.8355
0.33602 0.82652
0.31731 0.81643
0.29922 0.80527
0.28181 0.79308
0.26514 0.7799
0.24926 0.76577
0.23423 0.75074
0.2201 0.73486
0.20692 0.71819
0.19473 0.70078
0.18357 0.68269
0.17348 0.66398
0.1645 0.64472
0.15665 0.62497
0.14997 0.60479
0.14446 0.58426
0.14017 0.56345
0.13709 0.54242
0.13523 0.52125
0.13462 0.5
0.13523 0.47875
0.13709 0.45758
0.14017 0.43655
0.14446 0.41574
0.14997 0.39521
0.15665 0.37503
0.1645 0.35528
0.17348 0.33602
0.18357 0.31731
0.19473 0.29922
0.20692 0.28181
0.2201 0.26514
0.23423 0.24926
0.24926 0.23423
0.26514 0.2201
0.28181 0.20692
0.29922 0.19473
0.31731 0.18357
0.33602 0.17348
0.35528 0.1645
0.37503 0.15665
0.39521 0.14997
0.41574 0.14446
0.43655 0.14017
0.45758 0.13709
0.47875 0.13523
0.5 0.13462
0.52125 0.13523
0.54242 0.13709
0.56345 0.14017
0.58426 0.14446
0.60479 0.14997
0.62497 0.15665
0.64472 0.1645
0.66398 0.17348
0.68269 0.18357
0.70078 0.19473
0.71819 0.20692
0.73486 0.2201
0.75074 0.23423
0.76577 0.24926
0.7799 0.26514
0.79308 0.28181
0.80527 0.29922
0.81643 0.31731
0.82652 0.33602
0.8355 0.35528
0.84335 0.37503
0.85003 0.39521
0.85554 0.41574
0.85983 0.43655
0.86291 0.45758
0.86477 0.47875
0.88462 0.5
0.88403 0.52119
0.88228 0.54231
0.87937 0.56331
0.87531 0.58411
0.8701 0.60466
0.86378 0.62488
0.85634 0.64473
0.84783 0.66414
0.83826 0.68306
0.82766 0.70141
0.81607 0.71916
0.80352 0.73624
0.79004 0.7526
0.77569 0.76819
0.76049 0.78297
0.74451 0.79689
0.72778 0.80991
0.71036 0.82199
0.69231 0.83309
0.67367 0.84317
0.6545 0.85222
0.63486 0.8602
0.61481 0.86708
0.59442 0.87285
0.57373 0.87748
0.55283 0.88097
0.53176 0.8833
0.5106 0.88447
0.4894 0.88447
0.46824 0.8833
0.44717 0.88097
0.42627 0.87748
0.40558 0.87285
0.38519 0.86708
0.36514 0.8602
0.3455 0.85222
0.32633 0.84317
0.30769 0.83309
0.28964 0.82199
0.27222 0.80991
0.25549 0.79689
0.23951 0.78297
0.22431 0.76819
0.20996 0.7526
0.19648 0.73624
0.18393 0.71916
0.17234 0.70141
0.16174 0.68306
0.15217 0.66414
0.14366 0.64473
0.13622 0.62488
0.1299 0.60466
0.12469 0.58411
0.12063 0.56331
0.11772 0.54231
0.11597 0.52119
0.11538 0.5
0.11597 0.47881
0.11772 0.45769
0.12063 0.43669
0.12469 0.41589
0.1299 0.39534
0.13622 0.37512
0.14366 0.35527
0.15217 0.33586
0.16174 0.31694
0.17234 0.29859
0.18393 0.28084
0.19648 0.26376
0.20996 0.2474
0.22431 0.23181
0.23951 0.21703
0.25549 0.20311
0.27222 0.19009
0.28964 0.17801
0.30769 0.16691
0.32633 0.15683
0.3455 0.14778
0.36514 0.1398
0.38519 0.13292
0.40558 0.12715
0.42627 0.12252
0.44717 0.11903
0.46824 0.1167
0.4894 0.11553
0.5106 0.11553
0.53176 0.1167
0.55283 0.11903
0.57373 0.12252
0.59442 0.12715
0.61481 0.13292
0.63486 0.1398
0.6545 0.14778
0.67367 0.15683
0.69231 0.16691
0.71036 0.17801
0.72778 0.19009
0.74451 0.20311
0.76049 0.21703
0.77569 0.23181
0.79004 0.2474
0.80352 0.26376
0.81607 0.28084
0.82766 0.29859
0.83826 0.31694
0.84783 0.33586
0.85634 0.35527
0.86378 0.37512
0.8701 0.39534
0.87531 0.41589
0.87937 0.43669
0.88228 0.45769
0.88403 0.47881
0.90385 0.5
0.90329 0.52114
0.90163 0.54221
0.89887 0.56318
0.89502 0.58396
0.89009 0.60452
0.88408 0.6248
0.87702 0.64473
0.86893 0.66426
0.85983 0.68334
0.84974 0.70192
0.83869 0.71995
0.82672 0.73737
0.81385 0.75415
0.80012 0.77023
0.78556 0.78556
0.77023 0.80012
0.75415 0.81385
0.73737 0.82672
0.71995 0.83869
0.70192 0.84974
0.68334 0.85983
0.66426 0.86893
0.64473 0.87702
0.6248 0.88408
0.60452 0.89009
0.58396 0.89502
0.56318 0.89887
0.54221 0.90163
0.52114 0.90329
0.5 0.90385
0.47886 0.90329
0.45779 0.90163
0.43682 0.89887
0.41604 0.89502
0.39548 0.89009
0.3752 0.88408
0.35527 0.87702
0.33574 0.86893
0.31666 0.85983
0.29808 0.84974
0.28005 0.83869
0.26263 0.82672
0.24585 0.81385
0.22977 0.80012
0.21444 0.78556
0.19988 0.77023
0.18615 0.75415
0.17328 0.73737
0.16131 0.71995
0.15026 0.70192
0.14017 0.68334
0.13107 0.66426
0.12298 0.64473
0.11592 0.6248
0.10991 0.60452
0.10498 0.58396
0.10113 0.56318
0.098366 0.54221
0.096707 0.52114
0.096154 0.5
0.096707 0.47886
0.098366 0.45779
0.10113 0.43682
0.10498 0.41604
0.10991 0.39548
0.11592 0.3752
0.12298 0.35527
0.13107 0.33574
0.14017 0.31666
0.15026 0.29808
0.16131 0.28005
0.17328 0.26263
0.18615 0.24585
0.19988 0.22977
0.21444 0.21444
0.22977 0.19988
0.24585 0.18615
0.26263 0.17328
0.28005 0.16131
0.29808 0.15026
0.31666 0.14017
0.33574 0.13107
0.35527 0.12298
0.3752 0.11592
0.39548 0.10991
0.41604 0.10498
0.43682 0.10113
0.45779 0.098366
0.47886 0.096707
0.5 0.096154
0.52114 0.096707
0.54221 0.098366
0.56318 0.10113
0.58396 0.10498
0.60452 0.10991
0.6248 0.11592
0.64473 0.12298
0.66426 0.13107
0.68334 0.14017
0.70192 0.15026
0.71995 0.16131
0.73737 0.17328
0.75415 0.18615
0.77023 0.19988
0.78556 0.21444
0.80012 0.22977
0.81385 0.24585
0.82672 0.26263
0.83869 0.28005
0.84974 0.29808
0.85983 0.31666
0.86893 0.33574
0.87702 0.35527
0.88408 0.3752
0.89009 0.39548
0.89502 0.41604
0.89887 0.43682
0.90163 0.45779
0.90329 0.47886
0.92308 0.5
0.92255 0.52109
0.92097 0.54212
0.91835 0.56306
0.91469 0.58383
0.90999 0.6044
0.90428 0.6247
0.89756 0.6447
0.88986 0.66434
0.88118 0.68357
0.87156 0.70234
0.86101 0.72061
0.84956 0.73833
0.83725 0.75546
0.8241 0.77195
0.81014 0.78777
0.79541 0.80287
0.77994 0.81722
0.76378 0.83077
0.74697 0.84351
0.72954 0.8554
0.71154 0.8664
0.69301 0.87648
0.67401 0.88564
0.65457 0.89383
0.63474 0.90105
0.61459 0.90726
0.59414 0.91247
0.57347 0.91665
0.55261 0.91979
0.53162 0.92189
0.51055 0.92295
0.48945 0.92295
0.46838 0.92189
0.44739 0.91979
0.42653 0.91665
0.40586 0.91247
0.38541 0.90726
0.36526 0.90105
0.34543 0.89383
0.32599 0.88564
0.30699 0.87648
0.28846 0.8664
0.27046 0.8554
0.25303 0.84351
0.23622 0.83077
0.22006 0.81722
0.20459 0.80287
0.18986 0.78777
0.1759 0.77195
0.16275 0.75546
0.15044 0.73833
0.13899 0.72061
0.12844 0.70234
0.11882 0.68357
0.11014 0.66434
0.10244 0.6447
0.095719 0.6247
0.090006 0.6044
0.085312 0.58383
0.081648 0.56306
0.079025 0.54212
0.077449 0.52109
0.076923 0.5
0.077449 0.47891
0.079025 0.45788
0.081648 0.43694
0.085312 0.41617
0.090006 0.3956
0.095719 0.3753
0.10244 0.3553
0.11014 0.33566
0.11882 0.31643
0.12844 0.29766
0.13899 0.27939
0.15044 0.26167
0.16275 0.24454
0.1759 0.22805
0.18986 0.21223
0.20459 0.19713
0.22006 0.18278
0.23622 0.16923
0.25303 0.15649
0.27046 0.1446
0.28846 0.1336
0.30699 0.12352
0.32599 0.11436
0.34543 0.10617
0.36526 0.098954
0.38541 0.092736
0.40586 0.08753
0.42653 0.083351
0.44739 0.080206
0.46838 0.078106
0.48945 0.077055
0.51055 0.077055
0.53162 0.078106
0.55261 0.080206
0.57347 0.083351
0.59414 0.08753
0.61459 0.092736
0.63474 0.098954
0.65457 0.10617
0.67401 0.11436
0.69301 0.12352
0.71154 0.1336
0.72954 0.1446
0.74697 0.15649
0.76378 0.16923
0.77994 0.18278
0.79541 0.19713
0.81014 0.21223
0.8241 0.22805
0.83725 0.24454
0.84956 0.26167
0.86101 0.27939
0.87156 0.29766
0.88118 0.31643
0.88986 0.33566
0.89756 0.3553
0.90428 0.3753
0.90999 0.3956
0.91469 0.41617
0.91835 0.43694
0.92097 0.45788
0.92255 0.47891
0.94231 0.5
0.94181 0.52105
0.9403 0.54204
0.93781 0.56295
0.93431 0.58371
0.92984 0.60428
0.92439 0.62461
0.91798 0.64466
0.91062 0.66439
0.90234 0.68374
0.89314 0.70268
0.88305 0.72115
0.87209 0.73913
0.86029 0.75656
0.84768 0.77342
0.83427 0.78965
0.82011 0.80523
0.80523 0.82011
0.78965 0.83427
0.77342 0.84768
0.75656 0.86029
0.73913 0.87209
0.72115 0.88305
0.70268 0.89314
0.68374 0.90234
0.66439 0.91062
0.64466 0.91798
0.62461 0.92439
0.60428 0.92984
0.58371 0.93431
0.56295 0.93781
0.54204 0.9403
0.52105 0.94181
0.5 0.94231
0.47895 0.94181
0.45796 0.9403
0.43705 0.93781
0.41629 0.93431
0.39572 0.92984
0.37539 0.92439
0.35534 0.91798
0.33561 0.91062
0.31626 0.90234
0.29732 0.89314
0.27885 0.88305
0.26087 0.87209
0.24344 0.86029
0.22658 0.84768
0.21035 0.83427
0.19477 0.82011
0.17989 0.80523
0.16573 0.78965
0.15232 0.77342
0.13971 0.75656
0.12791 0.73913
0.11695 0.72115
0.10686 0.70268
0.097663 0.68374
0.089376 0.66439
0.082019 0.64466
0.075609 0.62461
0.07016 0.60428
0.065685 0.58371
0.062194 0.56295
0.059695 0.54204
0.058193 0.52105
0.057692 0.5
0.058193 0.47895
0.059695 0.45796
0.062194 0.43705
0.065685 0.41629
0.07016 0.39572
0.075609 0.37539
0.082019 0.35534
0.089376 0.33561
0.097663 0.31626
0.10686 0.29732
0.11695 0.27885
0.12791 0.26087
0.13971 0.24344
0.15232 0.22658
0.16573 0.21035
0.17989 0.19477
0.19477 0.17989
0.21035 0.16573
0.22658 0.15232
0.24344 0.13971
0.26087 0.12791
0.27885 0.11695
0.29732 0.10686
0.31626 0.097663
0.33561 0.089376
0.35534 0.082019
0.37539 0.075609
0.39572 0.07016
0.41629 0.065685
0.43705 0.062194
0.45796 0.059695
0.47895 0.058193
0.5 0.057692
0.52105 0.058193
0.54204 0.059695
0.56295 0.062194
0.58371 0.065685
0.60428 0.07016
0.62461 0.075609
0.64466 0.082019
0.66439 0.089376
0.68374 0.097663
0.70268 0.10686
0.72115 0.11695
0.73913 0.12791
0.75656 0.13971
0.77342 0.15232
0.78965 0.16573
0.80523 0.17989
0.82011 0.19477
0.83427 0.21035
0.84768 0.22658
0.86029 0.24344
0.87209 0.26087
0.88305 0.27885
0.89314 0.29732
0.90234 0.31626
0.91062 0.33561
0.91798 0.35534
0.92439 0.37539
0.92984 0.39572
0.93431 0.41629
0.93781 0.43705
0.9403 0.45796
0.94181 0.47895
0.96154 0.5
0.96106 0.52101
0.95963 0.54197
0.95724 0.56285
0.95391 0.58359
0.94963 0.60416
0.94442 0.62452
0.9383 0.64462
0.93126 0.66442
0.92333 0.68388
0.91452 0.70295
0.90485 0.72161
0.89435 0.73981
0.88302 0.75751
0.87091 0.77467
0.85802 0.79127
0.84439 0.80726
0.83005 0.82262
0.81502 0.83731
0.79935 0.8513
0.78305 0.86456
0.76616 0.87706
0.74872 0.88879
0.73077 0.8997
0.71234 0.90979
0.69347 0.91903
0.67419 0.9274
0.65456 0.93489
0.63461 0.94147
0.61437 0.94714
0.5939 0.95188
0.57324 0.95569
0.55242 0.95855
0.5315 0.96046
0.51051 0.96142
0.48949 0.96142
0.4685 0.96046
0.44758 0.95855
0.42676 0.95569
0.4061 0.95188
0.38563 0.94714
0.36539 0.94147
0.34544 0.93489
0.32581 0.9274
0.30653 0.91903
0.28766 0.90979
0.26923 0.8997
0.25128 0.88879
0.23384 0.87706
0.21695 0.86456
0.20065 0.8513
0.18498 0.83731
0.16995 0.82262
0.15561 0.80726
0.14198 0.79127
0.12909 0.77467
0.11698 0.75751
0.10565 0.73981
0.095146 0.72161
0.08548 0.70295
0.076672 0.68388
0.068741 0.66442
0.061705 0.64462
0.055577 0.62452
0.05037 0.60416
0.046095 0.58359
0.04276 0.56285
0.040374 0.54197
0.03894 0.52101
0.038462 0.5
0.03894 0.47899
0.040374 0.45803
0.04276 0.43715
0.046095 0.41641
0.05037 0.39584
0.055577 0.37548
0.061705 0.35538
0.068741 0.33558
0.076672 0.31612
0.08548 0.29705
0.095146 0.27839
0.10565 0.26019
0.11698 0.24249
0.12909 0.22533
0.14198 0.20873
0.15561 0.19274
0.16995 0.17738
0.18498 0.16269
0.20065 0.1487
0.21695 0.13544
0.23384 0.12294
0.25128 0.11121
0.26923 0.1003
0.28766 0.090207
0.30653 0.080967
0.32581 0.072596
0.34544 0.06511
0.36539 0.058526
0.38563 0.052857
0.4061 0.048115
0.42676 0.044309
0.44758 0.041448
0.4685 0.039537
0.48949 0.038581
0.51051 0.038581
0.5315 0.039537
0.55242 0.041448
0.57324 0.044309
0.5939 0.048115
0.61437 0.052857
0.63461 0.058526
0.65456 0.06511
0.67419 0.072596
0.69347 0.080967
0.71234 0.090207
0.73077 0.1003
0.74872 0.11121
0.76616 0.12294
0.78305 0.13544
0.79935 0.1487
0.81502 0.16269
0.83005 0.17738
0.84439 0.19274
0.85802 0.20873
0.87091 0.22533
0.88302 0.24249
0.89435 0.26019
0.90485 0.27839
0.91452 0.29705
0.92333 0.31612
0.93126 0.33558
0.9383 0.35538
0.94442 0.37548
0.94963 0.39584
0.95391 0.41641
0.95724 0.43715
0.95963 0.45803
0.96106 0.47899
0.98077 0.5
0.98031 0.52097
0.97894 0.5419
0.97666 0.56275
0.97347 0.58348
0.96937 0.60406
0.96439 0.62443
0.95852 0.64457
0.95178 0.66443
0.94417 0.68398
0.93572 0.70318
0.92645 0.72199
0.91636 0.74038
0.90548 0.75832
0.89382 0.77576
0.88142 0.79267
0.86829 0.80903
0.85446 0.8248
0.83996 0.83996
0.8248 0.85446
0.80903 0.86829
0.79267 0.88142
0.77576 0.89382
0.75832 0.90548
0.74038 0.91636
0.72199 0.92645
0.70318 0.93572
0.68398 0.94417
0.66443 0.95178
0.64457 0.95852
0.62443 0.96439
0.60406 0.96937
0.58348 0.97347
0.56275 0.97666
0.5419 0.97894
0.52097 0.98031
0.5 0.98077
0.47903 0.98031
0.4581 0.97894
0.43725 0.97666
0.41652 0.97347
0.39594 0.96937
0.37557 0.96439
0.35543 0.95852
0.33557 0.95178
0.31602 0.94417
0.29682 0.93572
0.27801 0.92645
0.25962 0.91636
0.24168 0.90548
0.22424 0.89382
0.20733 0.88142
0.19097 0.86829
0.1752 0.85446
0.16004 0.83996
0.14554 0.8248
0.13171 0.80903
0.11858 0.79267
0.10618 0.77576
0.094523 0.75832
0.083642 0.74038
0.073552 0.72199
0.064275 0.70318
0.055827 0.68398
0.048225 0.66443
0.041482 0.64457
0.035613 0.62443
0.030627 0.60406
0.026535 0.58348
0.023344 0.56275
0.02106 0.5419
0.019688 0.52097
0.019231 0.5
0.019688 0.47903
0.02106 0.4581
0.023344 0.43725
0.026535 0.41652
0.030627 0.39594
0.035613 0.37557
0.041482 0.35543
0.048225 0.33557
0.055827 0.31602
0.064275 0.29682
0.073552 0.27801
0.083642 0.25962
0.094523 0.24168
0.10618 0.22424
0.11858 0.20733
0.13171 0.19097
0.14554 0.1752
0.16004 0.16004
0.1752 0.14554
0.19097 0.13171
0.20733 0.11858
0.22424 0.10618
0.24168 0.094523
0.25962 0.083642
0.27801 0.073552
0.29682 0.064275
0.31602 0.055827
0.33557 0.048225
0.35543 0.041482
0.37557 0.035613
0.39594 0.030627
0.41652 0.026535
0.43725 0.023344
0.4581 0.02106
0.47903 0.019688
0.5 0.019231
0.52097 0.019688
0.5419 0.02106
0.56275 0.023344
0.58348 0.026535
0.60406 0.030627
0.62443 0.035613
0.64457 0.041482
0.66443 0.048225
0.68398 0.055827
0.70318 0.064275
0.72199 0.073552
0.74038 0.083642
0.75832 0.094523
0.77576 0.10618
0.79267 0.11858
0.80903 0.13171
0.8248 0.14554
0.83996 0.16004
0.85446 0.1752
0.86829 0.19097
0.88142 0.20733
0.89382 0.22424
0.90548 0.24168
0.91636 0.25962
0.92645 0.27801
0.93572 0.29682
0.94417 0.31602
0.95178 0.33557
0.95852 0.35543
0.96439 0.37557
0.96937 0.39594
0.97347 0.41652
0.97666 0.43725
0.97894 0.4581
0.98031 0.47903
1 0.5
0.99956 0.52094
0.99825 0.54184
0.99606 0.56267
0.993 0.58338
0.98907 0.60396
0.98429 0.62434
0.97866 0.64452
0.97219 0.66443
0.96489 0.68406
0.95677 0.70337
0.94786 0.72232
0.93815 0.74088
0.92768 0.75901
0.91646 0.7767
0.90451 0.79389
0.89185 0.81057
0.8785 0.82671
0.86448 0.84227
0.84983 0.85724
0.83457 0.87157
0.81871 0.88526
0.8023 0.89826
0.78536 0.91057
0.76791 0.92216
0.75 0.93301
0.73165 0.9431
0.71289 0.95241
0.69376 0.96093
0.67429 0.96864
0.65451 0.97553
0.63446 0.98158
0.61418 0.98679
0.59369 0.99114
0.57304 0.99464
0.55226 0.99726
0.5314 0.99901
0.51047 0.99989
0.48953 0.99989
0.4686 0.99901
0.44774 0.99726
0.42696 0.99464
0.40631 0.99114
0.38582 0.98679
0.36554 0.98158
0.34549 0.97553
0.32571 0.96864
0.30624 0.96093
0.28711 0.95241
0.26835 0.9431
0.25 0.93301
0.23209 0.92216
0.21464 0.91057
0.1977 0.89826
0.18129 0.88526
0.16543 0.87157
0.15017 0.85724
0.13552 0.84227
0.1215 0.82671
0.10815 0.81057
0.095492 0.79389
0.083539 0.7767
0.072318 0.75901
0.061847 0.74088
0.052144 0.72232
0.043227 0.70337
0.035112 0.68406
0.027812 0.66443
0.02134 0.64452
0.015708 0.62434
0.010926 0.60396
0.007002 0.58338
0.0039426 0.56267
0.0017536 0.54184
0.00043858 0.52094
0 0.5
0.00043858 0.47906
0.0017536 0.45816
0.0039426 0.43733
0.007002 0.41662
0.010926 0.39604
0.015708 0.37566
0.02134 0.35548
0.027812 0.33557
0.035112 0.31594
0.043227 0.29663
0.052144 0.27768
0.061847 0.25912
0.072318 0.24099
0.083539 0.2233
0.095492 0.20611
0.10815 0.18943
0.1215 0.17329
0.13552 0.15773
0.15017 0.14276
0.16543 0.12843
0.18129 0.11474
0.1977 0.10174
0.21464 0.089425
0.23209 0.077836
0.25 0.066987
0.26835 0.056898
0.28711 0.047586
0.30624 0.039068
0.32571 0.031359
0.34549 0.024472
0.36554 0.018419
0.38582 0.013211
0.40631 0.0088564
0.42696 0.0053638
0.44774 0.0027391
0.4686 0.00098664
0.48953 0.00010966
0.51047 0.00010966
0.5314 0.00098664
0.55226 0.0027391
0.57304 0.0053638
0.59369 0.0088564
0.61418 0.013211
0.63446 0.018419
0.65451 0.024472
0.67429 0.031359
0.69376 0.039068
0.71289 0.047586
0.73165 0.056898
0.75 0.066987
0.76791 0.077836
0.78536 0.089425
0.8023 0.10174
0.81871 0.11474
0.83457 0.12843
0.84983 0.14276
0.86448 0.15773
0.8785 0.17329
0.89185 0.18943
0.90451 0.20611
0.91646 0.2233
0.92768 0.24099
0.93815 0.25912
0.94786 0.27768
0.95677 0.29663
0.96489 0.31594
0.97219 0.33557
0.97866 0.35548
0.98429 0.37566
0.98907 0.39604
0.993 0.41662
0.99606 0.43733
0.99825 0.45816
0.99956 0.47906
